15	231	0.631475730333
15	55	0.52022005726
15	240	0.36514837167
15	631	0.333333333333
15	630	0.333333333333
15	629	0.333333333333
15	626	0.333333333333
15	624	0.333333333333
15	622	0.333333333333
15	619	0.333333333333
23	217	0.471404520791
23	635	0.267261241912
23	329	0.166666666667
23	351	0.136082763488
23	240	0.136082763488
23	592	0.117851130198
23	231	0.111111111111
23	356	0.105409255339
23	438	0.0962250448649
23	50	0.0890870806375
73	95	0.22360679775
73	660	0.182574185835
73	635	0.169030850946
73	601	0.169030850946
73	513	0.129099444874
84	599	0.333333333333
84	617	0.288675134595
84	279	0.235702260396
84	57	0.235702260396
91	533	0.377964473009
91	394	0.188982236505
91	635	0.142857142857
91	2	0.119522860933
94	96	0.4472135955
94	367	0.316227766017
94	290	0.316227766017
94	182	0.258198889747
94	381	0.22360679775
94	145	0.22360679775
94	359	0.158113883008
94	281	0.1490711985
94	461	0.141421356237
106	607	0.235702260396
106	636	0.19245008973
106	54	0.19245008973
106	345	0.117851130198
132	240	0.666666666667
132	459	0.408248290464
132	112	0.408248290464
132	627	0.348155311911
132	386	0.333333333333
132	549	0.288675134595
132	468	0.288675134595
132	356	0.258198889747
132	279	0.235702260396
132	268	0.235702260396
138	96	0.632455532034
138	447	0.282842712475
176	340	0.4472135955
176	325	0.4472135955
176	295	0.4472135955
176	248	0.4472135955
176	221	0.4472135955
176	208	0.4472135955
176	192	0.4472135955
176	172	0.4472135955
176	161	0.4472135955
176	159	0.4472135955
179	341	0.471404520791
179	585	0.408248290464
179	409	0.408248290464
179	349	0.408248290464
179	278	0.408248290464
179	83	0.408248290464
179	39	0.408248290464
179	459	0.288675134595
179	112	0.288675134595
179	600	0.235702260396
219	69	0.207950097964
219	652	0.164398987305
219	638	0.116247638744
219	344	0.116247638744
219	112	0.116247638744
219	110	0.116247638744
219	663	0.0949157995752
219	603	0.0949157995752
219	600	0.0949157995752
219	132	0.0949157995752
255	130	0.288675134595
255	600	0.235702260396
255	327	0.204124145232
255	480	0.182574185835
255	201	0.166666666667
255	69	0.129099444874
255	14	0.0671156055214
257	631	0.5
257	630	0.5
257	629	0.5
257	626	0.5
257	624	0.5
257	622	0.5
257	619	0.5
257	618	0.5
257	614	0.5
257	613	0.5
277	290	0.471404520791
277	263	0.333333333333
277	264	0.298142397
277	367	0.235702260396
277	359	0.235702260396
277	610	0.19245008973
277	182	0.19245008973
277	478	0.166666666667
277	145	0.166666666667
277	447	0.1490711985
294	242	0.316227766017
294	569	0.2
313	125	0.288675134595
313	97	0.288675134595
313	55	0.288675134595
313	42	0.288675134595
313	77	0.22360679775
313	414	0.204124145232
313	188	0.204124145232
313	383	0.19245008973
313	146	0.166666666667
313	131	0.166666666667
314	240	0.57251854396
314	217	0.471404520791
314	356	0.44347095723
314	329	0.433927908579
314	351	0.354300653724
314	359	0.350594575246
314	271	0.313581321117
314	80	0.313581321117
314	592	0.306833366702
314	627	0.298988058371
346	112	0.534522483825
346	231	0.445435403187
346	240	0.436435780472
346	678	0.408248290464
346	676	0.408248290464
346	673	0.408248290464
346	672	0.408248290464
346	671	0.408248290464
346	668	0.408248290464
346	666	0.408248290464
347	402	0.333333333333
347	401	0.333333333333
347	399	0.333333333333
347	398	0.333333333333
347	396	0.333333333333
347	395	0.333333333333
347	392	0.333333333333
347	390	0.333333333333
347	385	0.333333333333
347	380	0.333333333333
353	97	0.4472135955
353	42	0.4472135955
353	58	0.298142397
353	479	0.258198889747
353	146	0.258198889747
353	131	0.258198889747
353	55	0.22360679775
353	98	0.129099444874
377	95	0.22360679775
377	660	0.182574185835
377	635	0.169030850946
377	601	0.169030850946
377	513	0.129099444874
380	116	0.333333333333
402	459	0.408248290464
402	112	0.408248290464
402	291	0.333333333333
402	240	0.333333333333
402	549	0.288675134595
402	468	0.288675134595
402	356	0.258198889747
402	279	0.235702260396
402	268	0.235702260396
402	201	0.235702260396
423	652	0.57735026919
423	300	0.53033008589
423	344	0.408248290464
423	132	0.333333333333
423	500	0.258198889747
423	487	0.258198889747
423	610	0.204124145232
423	548	0.204124145232
423	69	0.182574185835
423	603	0.166666666667
431	297	0.333333333333
431	480	0.258198889747
448	652	0.4472135955
448	369	0.4472135955
448	487	0.4
448	344	0.316227766017
448	197	0.316227766017
448	69	0.282842712475
448	663	0.258198889747
448	357	0.258198889747
448	132	0.258198889747
448	549	0.22360679775
450	569	0.2
478	290	0.5
478	240	0.408248290464
478	356	0.316227766017
478	635	0.267261241912
478	459	0.25
478	367	0.25
478	329	0.25
478	112	0.25
478	281	0.235702260396
478	271	0.22360679775
480	367	0.408248290464
480	290	0.408248290464
480	145	0.288675134595
480	447	0.258198889747
480	359	0.204124145232
480	281	0.19245008973
501	459	0.288675134595
501	112	0.288675134595
501	386	0.235702260396
501	291	0.235702260396
501	240	0.235702260396
501	549	0.204124145232
501	468	0.204124145232
501	356	0.182574185835
501	660	0.166666666667
501	279	0.166666666667
512	526	0.316227766017
512	600	0.258198889747
512	484	0.258198889747
512	181	0.182574185835
512	69	0.141421356237
512	14	0.0735214622094
520	97	0.4472135955
520	42	0.4472135955
520	58	0.298142397
520	479	0.258198889747
520	146	0.258198889747
520	131	0.258198889747
520	55	0.22360679775
520	98	0.129099444874
531	449	0.4472135955
531	325	0.4472135955
531	295	0.4472135955
531	248	0.4472135955
531	221	0.4472135955
531	208	0.4472135955
531	192	0.4472135955
531	172	0.4472135955
531	161	0.4472135955
531	159	0.4472135955
546	654	1.41421356237
546	584	1.41421356237
546	582	1.41421356237
547	569	0.2
547	271	0.141421356237
567	512	0.735888730095
567	501	0.735888730095
567	498	0.735888730095
567	497	0.735888730095
567	496	0.735888730095
567	494	0.735888730095
567	493	0.735888730095
567	492	0.735888730095
567	491	0.735888730095
567	490	0.735888730095
574	303	0.57735026919
574	288	0.57735026919
574	198	0.57735026919
574	142	0.57735026919
574	287	0.408248290464
574	164	0.408248290464
574	600	0.333333333333
574	351	0.333333333333
.188982236505
663	635	0.142857142857
663	2	0.119522860933
663	585	0.5
663	409	0.5
663	278	0.5
663	83	0.5
663	39	0.5
663	157	0.353553390593
663	40	0.353553390593
663	600	0.288675134595
663	341	0.288675134595
663	250	0.22360679775
663	402	0.707106781187
663	401	0.707106781187
663	399	0.707106781187
663	398	0.707106781187
663	396	0.707106781187
663	395	0.707106781187
663	392	0.707106781187
663	390	0.707106781187
663	385	0.707106781187
663	380	0.707106781187
663	402	0.707106781187
663	401	0.707106781187
663	399	0.707106781187
663	398	0.707106781187
663	396	0.707106781187
663	395	0.707106781187
663	392	0.707106781187
663	390	0.707106781187
663	385	0.707106781187
663	380	0.707106781187
663	367	0.353553390593
663	290	0.353553390593
663	182	0.288675134595
663	116	0.235702260396
663	447	0.22360679775
663	617	0.204124145232
663	359	0.176776695297
663	279	0.166666666667
663	281	0.166666666667
663	459	0.288675134595
663	112	0.288675134595
663	386	0.235702260396
663	291	0.235702260396
663	240	0.235702260396
663	549	0.204124145232
663	468	0.204124145232
663	356	0.182574185835
663	660	0.166666666667
663	279	0.166666666667
663	449	0.4472135955
663	340	0.4472135955
663	325	0.4472135955
663	295	0.4472135955
663	248	0.4472135955
663	221	0.4472135955
663	208	0.4472135955
663	192	0.4472135955
663	172	0.4472135955
663	161	0.4472135955
663	112	0.534522483825
663	231	0.445435403187
663	240	0.436435780472
663	678	0.408248290464
663	676	0.408248290464
663	673	0.408248290464
663	672	0.408248290464
663	671	0.408248290464
663	668	0.408248290464
663	666	0.408248290464
663	188	0.316227766017
663	55	0.22360679775
663	231	0.210818510678
663	601	0.169030850946
663	602	0.1490711985
663	383	0.1490711985
663	98	0.129099444874
663	592	0.377964473009
663	635	0.142857142857
663	271	0.119522860933
663	473	0.0890870806375
663	569	0.2
663	240	0.36514837167
663	231	0.298142397
663	356	0.282842712475
663	635	0.239045721867
663	459	0.22360679775
663	359	0.22360679775
663	329	0.22360679775
663	261	0.22360679775
663	188	0.22360679775
663	112	0.22360679775
663	638	0.543978581726
663	549	0.526058248056
663	369	0.4472135955
663	512	0.4472135955
663	501	0.4472135955
663	498	0.4472135955
663	497	0.4472135955
663	496	0.4472135955
663	494	0.4472135955
663	493	0.4472135955
663	442	0.408248290464
663	441	0.408248290464
663	440	0.408248290464
663	439	0.408248290464
663	437	0.408248290464
663	436	0.408248290464
663	429	0.408248290464
663	428	0.408248290464
663	427	0.408248290464
663	425	0.408248290464
663	367	0.408248290464
663	290	0.408248290464
663	145	0.288675134595
663	447	0.258198889747
663	359	0.204124145232
663	281	0.19245008973
663	378	0.5
663	300	0.53033008589
663	610	0.204124145232
663	548	0.204124145232
663	479	0.153093108924
663	602	0.117851130198
663	663	0.102062072616
663	231	0.0833333333333
663	574	0.333333333333
663	632	0.235702260396
663	406	0.707106781187
663	374	0.707106781187
663	533	0.5
663	430	0.5
663	403	0.5
663	320	0.5
663	299	0.5
663	280	0.5
663	254	0.5
663	245	0.5
663	217	0.942809041582
663	635	0.534522483825
663	329	0.333333333333
663	351	0.272165526976
663	240	0.272165526976
663	592	0.235702260396
663	231	0.222222222222
663	356	0.210818510678
663	438	0.19245008973
663	50	0.178174161275
663	188	0.620814632506
663	231	0.502963502308
663	97	0.5
663	42	0.5
663	98	0.397784079713
663	330	0.392637648696
663	660	0.308606699924
663	602	0.292654824336
663	383	0.292654824336
663	146	0.288675134595
663	411	0.57735026919
663	203	0.57735026919
663	59	0.57735026919
663	23	0.57735026919
663	36	0.408248290464
663	433	0.333333333333
663	476	0.57735026919
663	466	0.57735026919
663	465	0.57735026919
663	464	0.57735026919
663	463	0.57735026919
663	462	0.57735026919
663	460	0.57735026919
663	458	0.57735026919
663	456	0.57735026919
663	455	0.57735026919
663	607	0.408248290464
663	345	0.204124145232
663	19	0.19245008973
663	69	0.207950097964
663	652	0.164398987305
663	638	0.116247638744
663	344	0.116247638744
663	112	0.116247638744
663	110	0.116247638744
663	663	0.0949157995752
663	603	0.0949157995752
663	600	0.0949157995752
663	132	0.0949157995752
663	300	0.53033008589
663	610	0.204124145232
663	548	0.204124145232
663	479	0.153093108924
663	602	0.117851130198
663	663	0.102062072616
663	231	0.0833333333333
663	459	0.288675134595
663	112	0.288675134595
663	386	0.235702260396
663	291	0.235702260396
663	240	0.235702260396
663	116	0.235702260396
663	617	0.204124145232
663	549	0.204124145232
663	468	0.204124145232
663	356	0.182574185835
663	652	0.316227766017
663	75	0.316227766017
663	500	0.282842712475
663	487	0.282842712475
663	638	0.22360679775
663	344	0.22360679775
663	14	0.207950097964
663	663	0.182574185835
663	603	0.182574185835
663	600	0.182574185835
663	146	0.36514837167
663	533	0.316227766017
663	249	0.316227766017
663	209	0.316227766017
663	121	0.316227766017
663	77	0.244948974278
663	345	0.22360679775
663	343	0.22360679775
663	130	0.22360679775
663	71	0.22360679775
663	98	0.204124145232
663	77	0.182574185835
663	290	0.5
663	182	0.408248290464
663	145	0.353553390593
663	447	0.316227766017
663	359	0.25
663	281	0.235702260396
663	57	0.408248290464
663	367	0.353553390593
663	290	0.353553390593
663	182	0.288675134595
663	447	0.22360679775
663	359	0.176776695297
663	281	0.166666666667
663	249	0.707106781187
663	195	0.408248290464
663	146	0.408248290464
663	209	0.353553390593
663	95	0.353553390593
663	2	0.22360679775
663	77	0.182574185835
663	231	0.631475730333
663	55	0.52022005726
663	240	0.36514837167
663	631	0.333333333333
663	630	0.333333333333
663	629	0.333333333333
663	626	0.333333333333
663	624	0.333333333333
663	622	0.333333333333
663	619	0.333333333333
663	533	0.377964473009
663	394	0.188982236505
663	635	0.142857142857
663	2	0.119522860933
663	402	0.707106781187
663	401	0.707106781187
663	399	0.707106781187
663	398	0.707106781187
663	396	0.707106781187
663	395	0.707106781187
663	392	0.707106781187
663	390	0.707106781187
663	385	0.707106781187
663	380	0.707106781187
663	152	0.333333333333
663	549	0.288675134595
663	500	0.258198889747
663	487	0.258198889747
663	69	0.182574185835
663	652	0.480626753322
663	500	0.356364174684
663	487	0.356364174684
663	638	0.339854436494
663	344	0.339854436494
663	75	0.316227766017
663	663	0.27748998541
663	603	0.27748998541
663	600	0.27748998541
663	132	0.27748998541
663	219	0.707106781187
663	66	0.5
663	585	0.57735026919
663	409	0.57735026919
663	349	0.57735026919
663	278	0.57735026919
663	83	0.57735026919
663	39	0.57735026919
663	268	0.471404520791
663	600	0.333333333333
663	591	0.288675134595
663	250	0.258198889747
663	459	0.288675134595
663	112	0.288675134595
663	386	0.235702260396
663	291	0.235702260396
663	240	0.235702260396
663	549	0.204124145232
663	468	0.204124145232
663	356	0.182574185835
663	660	0.166666666667
663	279	0.166666666667
663	479	0.144337567297
663	592	0.377964473009
663	635	0.142857142857
663	271	0.119522860933
663	473	0.0890870806375
663	533	0.377964473009
663	394	0.188982236505
663	635	0.142857142857
663	2	0.119522860933
663	217	0.942809041582
663	635	0.534522483825
663	329	0.333333333333
663	351	0.272165526976
663	240	0.272165526976
663	592	0.235702260396
663	231	0.222222222222
663	356	0.210818510678
663	438	0.19245008973
663	50	0.178174161275
663	447	0.22360679775
663	96	0.316227766017
663	447	0.141421356237
663	300	0.53033008589
663	610	0.204124145232
663	548	0.204124145232
663	479	0.153093108924
663	602	0.117851130198
663	663	0.102062072616
663	231	0.0833333333333
663	325	0.57735026919
663	295	0.57735026919
663	249	0.57735026919
663	248	0.57735026919
663	221	0.57735026919
663	208	0.57735026919
663	192	0.57735026919
663	172	0.57735026919
663	159	0.57735026919
663	158	0.57735026919
663	349	0.985598559653
663	157	0.353553390593
663	40	0.353553390593
663	469	0.333333333333
663	261	0.316227766017
663	459	0.288675134595
663	112	0.288675134595
663	480	0.258198889747
663	152	0.258198889747
663	181	0.235702260396
663	329	0.333333333333
663	188	0.333333333333
663	80	0.298142397
663	610	0.272165526976
663	351	0.272165526976
663	240	0.272165526976
663	601	0.267261241912
663	55	0.235702260396
663	356	0.210818510678
663	330	0.210818510678
663	146	0.36514837167
663	533	0.316227766017
663	249	0.316227766017
663	209	0.316227766017
663	121	0.316227766017
663	77	0.244948974278
663	345	0.22360679775
663	343	0.22360679775
663	130	0.22360679775
663	71	0.22360679775
663	549	0.288675134595
663	500	0.258198889747
663	487	0.258198889747
663	250	0.258198889747
663	69	0.182574185835
663	157	0.288675134595
663	281	0.136082763488
663	627	0.123091490979
663	188	0.316227766017
663	55	0.22360679775
663	231	0.210818510678
663	601	0.169030850946
663	602	0.1490711985
663	383	0.1490711985
663	98	0.129099444874
663	533	0.377964473009
663	394	0.188982236505
663	635	0.142857142857
663	2	0.119522860933
663	325	0.707106781187
663	295	0.707106781187
663	248	0.707106781187
663	221	0.707106781187
663	208	0.707106781187
663	192	0.707106781187
663	172	0.707106781187
663	159	0.707106781187
663	158	0.707106781187
663	149	0.707106781187
663	406	0.707106781187
663	374	0.707106781187
663	430	0.5
663	403	0.5
663	320	0.5
663	299	0.5
663	280	0.5
663	254	0.5
663	245	0.5
663	146	0.36514837167
663	300	1.06066017178
663	602	0.585287190389
663	150	0.57735026919
663	80	0.480716582835
663	438	0.428152350125
663	338	0.408248290464
663	296	0.408248290464
663	253	0.408248290464
663	329	0.333333333333
663	188	0.333333333333
663	325	0.4472135955
663	295	0.4472135955
663	248	0.4472135955
663	221	0.4472135955
663	208	0.4472135955
663	192	0.4472135955
663	172	0.4472135955
663	159	0.4472135955
663	158	0.4472135955
663	149	0.4472135955
663	96	0.316227766017
663	447	0.141421356237
663	95	0.22360679775
663	660	0.182574185835
663	635	0.169030850946
663	601	0.169030850946
663	513	0.129099444874
663	146	0.666666666667
663	325	0.57735026919
663	295	0.57735026919
663	248	0.57735026919
663	221	0.57735026919
663	208	0.57735026919
663	192	0.57735026919
663	172	0.57735026919
663	159	0.57735026919
663	158	0.57735026919
663	527	0.4472135955
663	525	0.4472135955
663	522	0.4472135955
663	521	0.4472135955
663	519	0.4472135955
663	518	0.4472135955
663	516	0.4472135955
663	515	0.4472135955
663	514	0.4472135955
663	511	0.4472135955
663	240	0.666666666667
663	459	0.408248290464
663	112	0.408248290464
663	627	0.348155311911
663	386	0.333333333333
663	549	0.288675134595
663	468	0.288675134595
663	356	0.258198889747
663	279	0.235702260396
663	268	0.235702260396
663	411	0.57735026919
663	203	0.57735026919
663	59	0.57735026919
663	23	0.57735026919
663	36	0.408248290464
663	433	0.333333333333
663	631	0.5
663	630	0.5
663	629	0.5
663	626	0.5
663	624	0.5
663	622	0.5
663	619	0.5
663	618	0.5
663	614	0.5
663	613	0.5
663	376	0.353553390593
663	343	0.353553390593
663	66	0.353553390593
663	513	0.288675134595
663	13	0.25
663	345	0.176776695297
663	80	0.158113883008
663	219	0.707106781187
663	147	0.5
663	343	0.353553390593
663	513	0.288675134595
663	13	0.25
663	345	0.176776695297
663	80	0.158113883008
663	161	0.707106781187
663	135	0.707106781187
663	123	0.707106781187
663	74	0.707106781187
663	33	0.707106781187
663	25	0.707106781187
663	20	0.707106781187
663	18	0.707106781187
663	111	0.408248290464
663	15	0.316227766017
663	585	0.4472135955
663	409	0.4472135955
663	278	0.4472135955
663	83	0.4472135955
663	39	0.4472135955
663	600	0.258198889747
663	341	0.258198889747
663	152	0.258198889747
663	80	0.22360679775
663	591	0.22360679775
663	585	0.5
663	409	0.5
663	278	0.5
663	83	0.5
663	39	0.5
663	157	0.353553390593
663	40	0.353553390593
663	600	0.288675134595
663	341	0.288675134595
663	250	0.22360679775
663	96	0.4472135955
663	367	0.316227766017
663	290	0.316227766017
663	182	0.258198889747
663	145	0.22360679775
663	359	0.158113883008
663	281	0.1490711985
663	461	0.141421356237
663	597	0.4472135955
663	596	0.4472135955
663	594	0.4472135955
663	593	0.4472135955
663	590	0.4472135955
663	588	0.4472135955
663	587	0.4472135955
663	583	0.4472135955
663	581	0.4472135955
663	580	0.4472135955
663	150	0.57735026919
663	188	0.471404520791
663	338	0.408248290464
663	296	0.408248290464
663	253	0.408248290464
663	610	0.333333333333
663	631	0.333333333333
663	630	0.333333333333
663	629	0.333333333333
663	626	0.333333333333
663	476	1.41421356237
663	466	1.41421356237
663	465	1.41421356237
663	464	1.41421356237
663	463	1.41421356237
663	462	1.41421356237
663	460	1.41421356237
663	458	1.41421356237
663	456	1.41421356237
663	455	1.41421356237
663	146	0.36514837167
663	533	0.316227766017
663	249	0.316227766017
663	209	0.316227766017
663	121	0.316227766017
663	77	0.244948974278
663	345	0.22360679775
663	343	0.22360679775
663	130	0.22360679775
663	71	0.22360679775
663	249	0.5
663	233	0.4472135955
663	71	0.353553390593
663	132	0.333333333333
663	652	0.288675134595
663	527	0.288675134595
663	525	0.288675134595
663	522	0.288675134595
663	521	0.288675134595
663	519	0.288675134595
663	339	0.707106781187
663	287	0.5
663	164	0.5
663	51	0.5
663	610	0.333333333333
663	467	0.204124145232
663	602	0.19245008973
663	231	0.136082763488
663	228	0.57735026919
663	459	0.353553390593
663	112	0.353553390593
663	386	0.288675134595
663	357	0.288675134595
663	291	0.288675134595
663	240	0.288675134595
663	136	0.288675134595
663	468	0.25
663	500	0.22360679775
663	487	0.22360679775
663	442	0.408248290464
663	441	0.408248290464
663	440	0.408248290464
663	439	0.408248290464
663	437	0.408248290464
663	436	0.408248290464
663	429	0.408248290464
663	428	0.408248290464
663	427	0.408248290464
663	425	0.408248290464
663	95	0.4472135955
663	130	0.316227766017
663	400	0.282842712475
663	457	0.258198889747
663	199	0.258198889747
663	146	0.258198889747
663	209	0.22360679775
663	503	0.2
663	345	0.158113883008
663	2	0.141421356237
663	479	0.144337567297
663	610	0.612372435696
663	548	0.612372435696
663	58	0.38490017946
663	602	0.353553390593
663	663	0.306186217848
663	512	0.288675134595
663	501	0.288675134595
663	498	0.288675134595
663	497	0.288675134595
663	496	0.288675134595
663	240	0.36514837167
663	356	0.282842712475
663	635	0.239045721867
663	459	0.22360679775
663	359	0.22360679775
663	329	0.22360679775
663	112	0.22360679775
663	80	0.2
663	627	0.190692517849
663	386	0.182574185835
663	411	0.707106781187
663	203	0.707106781187
663	59	0.707106781187
663	23	0.707106781187
663	433	0.408248290464
663	363	0.408248290464
663	10	0.316227766017
663	209	0.474341649025
663	130	0.4472135955
663	503	0.424264068712
663	457	0.36514837167
663	199	0.36514837167
663	146	0.36514837167
663	233	0.282842712475
663	513	0.273861278753
663	345	0.22360679775
663	2	0.2
663	69	0.207950097964
663	652	0.164398987305
663	638	0.116247638744
663	344	0.116247638744
663	112	0.116247638744
663	110	0.116247638744
663	663	0.0949157995752
663	603	0.0949157995752
663	600	0.0949157995752
663	132	0.0949157995752
663	240	0.637313898646
663	329	0.556940131083
663	188	0.556940131083
663	356	0.493661223153
663	610	0.454739712811
663	351	0.454739712811
663	635	0.417219883142
663	359	0.390273464417
663	271	0.3490711985
663	627	0.332826328753
663	125	0.288675134595
663	97	0.288675134595
663	55	0.288675134595
663	42	0.288675134595
663	77	0.22360679775
663	414	0.204124145232
663	188	0.204124145232
663	383	0.19245008973
663	146	0.166666666667
663	131	0.166666666667
663	526	0.316227766017
663	600	0.258198889747
663	484	0.258198889747
663	297	0.258198889747
663	134	0.258198889747
663	181	0.182574185835
663	69	0.141421356237
663	14	0.0735214622094
663	652	0.4472135955
663	512	0.4472135955
663	501	0.4472135955
663	498	0.4472135955
663	497	0.4472135955
663	496	0.4472135955
663	494	0.4472135955
663	493	0.4472135955
663	492	0.4472135955
663	491	0.4472135955
663	69	0.207950097964
663	652	0.164398987305
663	638	0.116247638744
663	344	0.116247638744
663	112	0.116247638744
663	110	0.116247638744
663	663	0.0949157995752
663	603	0.0949157995752
663	600	0.0949157995752
663	132	0.0949157995752
663	652	0.288675134595
663	638	0.204124145232
663	344	0.204124145232
663	69	0.182574185835
663	663	0.166666666667
663	513	0.166666666667
663	136	0.166666666667
663	132	0.166666666667
663	549	0.144337567297
663	500	0.129099444874
663	146	0.546874024342
663	249	0.5
663	209	0.47360679775
663	71	0.353553390593
663	130	0.316227766017
663	2	0.299535239246
663	195	0.288675134595
663	400	0.282842712475
663	513	0.273437012171
663	457	0.258198889747
663	442	0.408248290464
663	441	0.408248290464
663	440	0.408248290464
663	439	0.408248290464
663	437	0.408248290464
663	436	0.408248290464
663	429	0.408248290464
663	428	0.408248290464
663	427	0.408248290464
663	425	0.408248290464
663	134	0.333333333333
663	480	0.258198889747
663	683	2.52956863402
663	658	2.52956863402
663	656	2.52956863402
663	648	2.52956863402
663	644	2.52956863402
663	623	2.52956863402
663	621	2.52956863402
663	654	0.707106781187
663	584	0.707106781187
663	582	0.707106781187
663	442	0.408248290464
663	441	0.408248290464
663	440	0.408248290464
663	439	0.408248290464
663	437	0.408248290464
663	436	0.408248290464
663	429	0.408248290464
663	428	0.408248290464
663	427	0.408248290464
663	425	0.408248290464
663	652	0.57735026919
663	344	0.408248290464
663	663	0.333333333333
663	513	0.333333333333
663	500	0.258198889747
663	487	0.258198889747
663	69	0.182574185835
663	603	0.166666666667
663	14	0.0949157995752
663	300	1.59099025767
663	610	0.612372435696
663	548	0.612372435696
663	479	0.459279326772
663	602	0.353553390593
663	663	0.306186217848
663	231	0.25
663	300	0.53033008589
663	610	0.204124145232
663	548	0.204124145232
663	479	0.153093108924
663	602	0.117851130198
663	663	0.102062072616
663	231	0.0833333333333
663	188	0.316227766017
663	55	0.22360679775
663	231	0.210818510678
663	601	0.169030850946
663	602	0.1490711985
663	383	0.1490711985
663	98	0.129099444874
663	426	0.235702260396
663	576	0.4472135955
663	573	0.4472135955
663	572	0.4472135955
663	571	0.4472135955
663	570	0.4472135955
663	568	0.4472135955
663	567	0.4472135955
663	566	0.4472135955
663	564	0.4472135955
663	562	0.4472135955
663	95	0.22360679775
663	660	0.182574185835
663	635	0.169030850946
663	601	0.169030850946
663	513	0.129099444874
663	125	0.516397779494
663	5	0.298142397
663	509	0.258198889747
663	249	0.258198889747
663	121	0.258198889747
663	2	0.244948974278
663	503	0.230940107676
663	98	0.22360679775
663	414	0.182574185835
663	343	0.182574185835
663	303	0.57735026919
663	288	0.57735026919
663	198	0.57735026919
663	142	0.57735026919
663	329	0.408248290464
663	287	0.408248290464
663	164	0.408248290464
663	469	0.333333333333
663	240	0.333333333333
663	231	0.272165526976
663	150	0.707106781187
663	296	0.5
663	253	0.5
663	548	0.408248290464
663	650	0.288675134595
663	2	0.158113883008
663	576	1.41421356237
663	573	1.41421356237
663	572	1.41421356237
663	571	1.41421356237
663	570	1.41421356237
663	568	1.41421356237
663	567	1.41421356237
663	566	1.41421356237
663	564	1.41421356237
663	562	1.41421356237
663	13	0.288675134595
663	240	0.507867787371
663	341	0.471404520791
663	585	0.408248290464
663	409	0.408248290464
663	349	0.408248290464
663	278	0.408248290464
663	83	0.408248290464
663	39	0.408248290464
663	356	0.393392696513
663	329	0.333333333333
663	402	0.333333333333
663	401	0.333333333333
663	399	0.333333333333
663	398	0.333333333333
663	396	0.333333333333
663	395	0.333333333333
663	392	0.333333333333
663	390	0.333333333333
663	385	0.333333333333
663	380	0.333333333333
663	80	0.81989159175
663	97	0.788675134595
663	42	0.788675134595
663	240	0.736781143682
663	329	0.666666666667
663	610	0.544331053952
663	351	0.544331053952
663	635	0.499205465407
663	548	0.464615616706
663	146	0.455341801261
663	290	0.5
663	240	0.408248290464
663	356	0.316227766017
663	635	0.267261241912
663	459	0.25
663	367	0.25
663	329	0.25
663	112	0.25
663	281	0.235702260396
663	271	0.22360679775
663	145	0.408248290464
663	116	0.235702260396
663	617	0.204124145232
663	279	0.166666666667
663	576	0.4472135955
663	573	0.4472135955
663	572	0.4472135955
663	571	0.4472135955
663	570	0.4472135955
663	568	0.4472135955
663	567	0.4472135955
663	566	0.4472135955
663	564	0.4472135955
663	562	0.4472135955
663	217	0.471404520791
663	635	0.267261241912
663	329	0.166666666667
663	351	0.136082763488
663	240	0.136082763488
663	592	0.117851130198
663	231	0.111111111111
663	356	0.105409255339
663	438	0.0962250448649
663	50	0.0890870806375
663	503	0.682462958459
663	652	0.57735026919
663	132	0.5
663	209	0.474341649025
663	130	0.4472135955
663	457	0.36514837167
663	199	0.36514837167
663	146	0.36514837167
663	136	0.349240852502
663	527	0.288675134595
663	240	0.522232967867
663	291	0.348155311911
663	356	0.269679944985
663	635	0.227921152919
663	459	0.213200716356
663	359	0.213200716356
663	329	0.213200716356
663	112	0.213200716356
663	271	0.190692517849
663	80	0.190692517849
663	130	0.288675134595
663	600	0.235702260396
663	327	0.204124145232
663	480	0.182574185835
663	201	0.166666666667
663	69	0.129099444874
663	14	0.0671156055214
663	635	0.570885101229
663	240	0.36514837167
663	485	0.316227766017
663	356	0.282842712475
663	459	0.22360679775
663	359	0.22360679775
663	329	0.22360679775
663	112	0.22360679775
663	473	0.206938210835
663	80	0.2
663	476	0.57735026919
663	466	0.57735026919
663	465	0.57735026919
663	464	0.57735026919
663	463	0.57735026919
663	462	0.57735026919
663	460	0.57735026919
663	458	0.57735026919
663	456	0.57735026919
663	455	0.57735026919
663	55	0.377964473009
663	660	0.308606699924
663	231	0.267261241912
663	188	0.267261241912
663	112	0.267261241912
663	330	0.169030850946
663	64	0.169030850946
663	635	0.142857142857
663	602	0.12598815767
663	383	0.12598815767
663	209	0.474341649025
663	130	0.4472135955
663	503	0.424264068712
663	457	0.36514837167
663	199	0.36514837167
663	146	0.36514837167
663	233	0.282842712475
663	513	0.273861278753
663	345	0.22360679775
663	2	0.2
663	95	0.22360679775
663	660	0.182574185835
663	635	0.169030850946
663	601	0.169030850946
663	513	0.129099444874
663	125	0.57735026919
663	77	0.298142397
663	98	0.166666666667
663	607	0.235702260396
663	636	0.19245008973
663	54	0.19245008973
663	345	0.117851130198
663	217	0.471404520791
663	635	0.267261241912
663	329	0.166666666667
663	351	0.136082763488
663	240	0.136082763488
663	592	0.117851130198
663	231	0.111111111111
663	356	0.105409255339
663	438	0.0962250448649
663	50	0.0890870806375
663	447	0.22360679775
663	96	0.4472135955
663	367	0.316227766017
663	290	0.316227766017
663	182	0.258198889747
663	381	0.22360679775
663	145	0.22360679775
663	359	0.158113883008
663	281	0.1490711985
663	461	0.141421356237
663	367	0.408248290464
663	290	0.408248290464
663	145	0.288675134595
663	447	0.258198889747
663	359	0.204124145232
663	281	0.19245008973
663	240	0.36514837167
663	485	0.316227766017
663	356	0.282842712475
663	635	0.239045721867
663	459	0.22360679775
663	359	0.22360679775
663	329	0.22360679775
663	112	0.22360679775
663	80	0.2
663	627	0.190692517849
663	447	0.22360679775
663	130	0.288675134595
663	600	0.235702260396
663	327	0.204124145232
663	480	0.182574185835
663	201	0.166666666667
663	69	0.129099444874
663	14	0.0671156055214
663	527	0.4472135955
663	525	0.4472135955
663	522	0.4472135955
663	521	0.4472135955
663	519	0.4472135955
663	518	0.4472135955
663	516	0.4472135955
663	515	0.4472135955
663	514	0.4472135955
663	511	0.4472135955
663	125	0.516397779494
663	5	0.298142397
663	509	0.258198889747
663	249	0.258198889747
663	121	0.258198889747
663	2	0.244948974278
663	503	0.230940107676
663	98	0.22360679775
663	414	0.182574185835
663	343	0.182574185835
663	69	0.207950097964
663	652	0.164398987305
663	638	0.116247638744
663	344	0.116247638744
663	112	0.116247638744
663	110	0.116247638744
663	663	0.0949157995752
663	603	0.0949157995752
663	600	0.0949157995752
663	132	0.0949157995752
663	58	0.38490017946
663	512	0.288675134595
663	501	0.288675134595
663	498	0.288675134595
663	497	0.288675134595
663	496	0.288675134595
663	494	0.288675134595
663	493	0.288675134595
663	492	0.288675134595
663	491	0.288675134595
663	313	0.333333333333
663	632	0.235702260396
663	357	0.333333333333
663	250	0.258198889747
663	188	0.471404520791
663	631	0.333333333333
663	630	0.333333333333
663	629	0.333333333333
663	626	0.333333333333
663	624	0.333333333333
663	622	0.333333333333
663	619	0.333333333333
663	618	0.333333333333
663	614	0.333333333333
663	484	0.408248290464
663	480	0.316227766017
663	47	0.5
663	55	0.377964473009
663	660	0.308606699924
663	231	0.267261241912
663	188	0.267261241912
663	112	0.267261241912
663	330	0.169030850946
663	64	0.169030850946
663	635	0.142857142857
663	602	0.12598815767
663	383	0.12598815767
663	634	0.57735026919
663	633	0.57735026919
663	615	0.57735026919
663	606	0.57735026919
663	683	0.408248290464
663	658	0.408248290464
663	656	0.408248290464
663	648	0.408248290464
663	644	0.408248290464
663	631	0.408248290464
663	232	1.41421356237
663	110	1.0
663	354	0.5
663	290	0.471404520791
663	263	0.333333333333
663	264	0.298142397
663	367	0.235702260396
663	359	0.235702260396
663	610	0.19245008973
663	182	0.19245008973
663	478	0.166666666667
663	145	0.166666666667
663	447	0.1490711985
663	300	1.06066017178
663	548	0.600698380194
663	188	0.471404520791
663	610	0.408248290464
663	631	0.333333333333
663	630	0.333333333333
663	629	0.333333333333
663	626	0.333333333333
663	624	0.333333333333
663	622	0.333333333333
663	107	0.288675134595
663	2	0.182574185835
663	291	2.06051127546
663	459	1.90215161025
663	112	1.90215161025
663	386	1.55310028617
663	549	1.34502430245
663	468	1.34502430245
663	188	0.890273464417
663	610	0.726905239787
663	303	0.57735026919
663	288	0.57735026919
663	549	0.288675134595
663	209	0.288675134595
663	58	0.19245008973
663	400	0.182574185835
663	603	0.166666666667
663	290	0.5
663	240	0.408248290464
663	356	0.316227766017
663	635	0.267261241912
663	459	0.25
663	367	0.25
663	329	0.25
663	112	0.25
663	281	0.235702260396
663	271	0.22360679775
663	631	0.5
663	630	0.5
663	629	0.5
663	626	0.5
663	624	0.5
663	622	0.5
663	619	0.5
663	618	0.5
663	614	0.5
663	613	0.5
663	290	0.5
663	240	0.408248290464
663	356	0.316227766017
663	635	0.267261241912
663	459	0.25
663	367	0.25
663	329	0.25
663	112	0.25
663	281	0.235702260396
663	271	0.22360679775
663	303	1.41421356237
663	288	1.41421356237
663	198	1.41421356237
663	142	1.41421356237
663	469	0.816496580928
663	351	0.816496580928
663	150	0.707106781187
663	325	0.707106781187
663	295	0.707106781187
663	248	0.707106781187
663	459	0.353553390593
663	112	0.353553390593
663	500	0.352706242624
663	487	0.352706242624
663	69	0.340688068843
663	652	0.288675134595
663	386	0.288675134595
663	357	0.288675134595
663	291	0.288675134595
663	240	0.288675134595
663	69	0.207950097964
663	652	0.164398987305
663	638	0.116247638744
663	344	0.116247638744
663	112	0.116247638744
663	110	0.116247638744
663	663	0.0949157995752
663	603	0.0949157995752
663	600	0.0949157995752
663	132	0.0949157995752
663	341	0.471404520791
663	585	0.408248290464
663	409	0.408248290464
663	349	0.408248290464
663	278	0.408248290464
663	83	0.408248290464
663	39	0.408248290464
663	459	0.288675134595
663	112	0.288675134595
663	600	0.235702260396
663	414	0.569272516902
663	509	0.516397779494
663	249	0.516397779494
663	121	0.516397779494
663	2	0.489897948557
663	146	0.464809063667
663	503	0.461880215352
663	343	0.36514837167
663	71	0.36514837167
663	400	0.326598632371
663	426	0.235702260396
663	58	0.38490017946
663	512	0.288675134595
663	501	0.288675134595
663	498	0.288675134595
663	497	0.288675134595
663	496	0.288675134595
663	494	0.288675134595
663	493	0.288675134595
663	492	0.288675134595
663	491	0.288675134595
663	607	0.5
663	2	0.4472135955
663	513	0.390737207211
663	376	0.353553390593
663	66	0.353553390593
663	121	0.353553390593
663	346	0.288675134595
663	77	0.273861278753
663	130	0.25
663	400	0.22360679775
663	683	1.41421356237
663	658	1.41421356237
663	656	1.41421356237
663	648	1.41421356237
663	688	0.707106781187
663	687	0.707106781187
663	677	0.707106781187
663	670	0.707106781187
663	669	0.707106781187
663	0	0.408248290464
663	367	0.985702260396
663	182	0.804822525426
663	145	0.696996752557
663	447	0.465298964517
663	240	0.408248290464
663	263	0.333333333333
663	80	0.329016053089
663	356	0.316227766017
663	264	0.298142397
663	635	0.267261241912
663	329	0.353553390593
663	130	0.353553390593
663	181	0.204124145232
663	125	0.288675134595
663	97	0.288675134595
663	55	0.288675134595
663	42	0.288675134595
663	77	0.22360679775
663	414	0.204124145232
663	188	0.204124145232
663	383	0.19245008973
663	146	0.166666666667
663	131	0.166666666667
663	58	0.68304257646
663	457	0.666666666667
663	199	0.666666666667
663	249	0.57735026919
663	209	0.57735026919
663	188	0.557677535825
663	601	0.487073418127
663	130	0.408248290464
663	71	0.408248290464
663	231	0.371785023883
663	634	0.57735026919
663	633	0.57735026919
663	615	0.57735026919
663	606	0.57735026919
663	683	0.408248290464
663	658	0.408248290464
663	656	0.408248290464
663	648	0.408248290464
663	644	0.408248290464
663	631	0.408248290464
663	217	0.471404520791
663	635	0.267261241912
663	329	0.166666666667
663	351	0.136082763488
663	240	0.136082763488
663	592	0.117851130198
663	231	0.111111111111
663	356	0.105409255339
663	438	0.0962250448649
663	50	0.0890870806375
663	240	0.436435780472
663	356	0.338061701891
663	473	0.267261241912
663	459	0.267261241912
663	359	0.267261241912
663	329	0.267261241912
663	112	0.267261241912
663	271	0.239045721867
663	80	0.239045721867
663	627	0.227921152919
663	240	0.516397779494
663	635	0.338061701891
663	459	0.316227766017
663	359	0.316227766017
663	329	0.316227766017
663	112	0.316227766017
663	271	0.282842712475
663	80	0.282842712475
663	627	0.269679944985
663	386	0.258198889747
663	442	0.408248290464
663	441	0.408248290464
663	440	0.408248290464
663	439	0.408248290464
663	437	0.408248290464
663	436	0.408248290464
663	429	0.408248290464
663	428	0.408248290464
663	427	0.408248290464
663	425	0.408248290464
663	526	0.408248290464
663	480	0.258198889747
663	652	0.316227766017
663	75	0.316227766017
663	500	0.282842712475
663	487	0.282842712475
663	638	0.22360679775
663	344	0.22360679775
663	14	0.207950097964
663	663	0.182574185835
663	603	0.182574185835
663	600	0.182574185835
663	132	0.333333333333
663	652	0.288675134595
663	527	0.288675134595
663	525	0.288675134595
663	522	0.288675134595
663	521	0.288675134595
663	519	0.288675134595
663	518	0.288675134595
663	516	0.288675134595
663	515	0.288675134595
663	527	0.707106781187
663	525	0.707106781187
663	522	0.707106781187
663	521	0.707106781187
663	519	0.707106781187
663	518	0.707106781187
663	516	0.707106781187
663	515	0.707106781187
663	514	0.707106781187
663	511	0.707106781187
663	391	0.707106781187
663	229	0.707106781187
663	376	0.5
663	450	0.353553390593
663	188	0.471404520791
663	631	0.333333333333
663	630	0.333333333333
663	629	0.333333333333
663	626	0.333333333333
663	624	0.333333333333
663	622	0.333333333333
663	619	0.333333333333
663	618	0.333333333333
663	614	0.333333333333
663	77	0.258198889747
663	503	0.22360679775
663	400	0.158113883008
663	339	1.41421356237
663	253	1.0
663	51	1.0
663	329	0.408248290464
663	600	0.333333333333
663	240	0.333333333333
663	231	0.272165526976
663	356	0.258198889747
663	438	0.235702260396
663	635	0.218217890236
663	97	0.4472135955
663	42	0.4472135955
663	58	0.298142397
663	479	0.258198889747
663	146	0.258198889747
663	131	0.258198889747
663	55	0.22360679775
663	98	0.129099444874
663	459	0.288675134595
663	112	0.288675134595
663	386	0.235702260396
663	291	0.235702260396
663	240	0.235702260396
663	116	0.235702260396
663	617	0.204124145232
663	549	0.204124145232
663	468	0.204124145232
663	356	0.182574185835
663	442	0.408248290464
663	441	0.408248290464
663	440	0.408248290464
663	439	0.408248290464
663	437	0.408248290464
663	436	0.408248290464
663	429	0.408248290464
663	428	0.408248290464
663	427	0.408248290464
663	425	0.408248290464
663	146	0.718343715402
663	343	0.656180983585
663	209	0.622103906187
663	400	0.586906113936
663	249	0.574426655764
663	503	0.530475346922
663	125	0.516397779494
663	607	0.5
663	130	0.47360679775
663	71	0.406180983585
663	430	0.57735026919
663	403	0.57735026919
663	320	0.57735026919
663	299	0.57735026919
663	280	0.57735026919
663	254	0.57735026919
663	245	0.57735026919
663	454	0.408248290464
663	453	0.408248290464
663	432	0.408248290464
663	228	0.57735026919
663	597	0.4472135955
663	596	0.4472135955
663	594	0.4472135955
663	593	0.4472135955
663	590	0.4472135955
663	588	0.4472135955
663	587	0.4472135955
663	583	0.4472135955
663	581	0.4472135955
663	580	0.4472135955
663	592	0.377964473009
663	635	0.142857142857
663	271	0.119522860933
663	473	0.0890870806375
663	199	0.666666666667
663	130	0.408248290464
663	400	0.36514837167
663	146	0.333333333333
663	131	0.333333333333
663	209	0.288675134595
663	503	0.258198889747
663	233	0.258198889747
663	345	0.204124145232
663	2	0.182574185835
663	325	0.4472135955
663	295	0.4472135955
663	248	0.4472135955
663	221	0.4472135955
663	208	0.4472135955
663	192	0.4472135955
663	172	0.4472135955
663	159	0.4472135955
663	158	0.4472135955
663	149	0.4472135955
663	134	0.333333333333
663	480	0.258198889747
663	459	0.353553390593
663	112	0.353553390593
663	386	0.288675134595
663	291	0.288675134595
663	240	0.288675134595
663	549	0.25
663	356	0.22360679775
663	279	0.204124145232
663	268	0.204124145232
663	201	0.204124145232
663	97	0.5
663	42	0.5
663	601	0.377964473009
663	188	0.353553390593
663	146	0.288675134595
663	131	0.288675134595
663	98	0.288675134595
663	231	0.235702260396
663	330	0.22360679775
663	16	0.22360679775
663	290	0.471404520791
663	325	0.4472135955
663	295	0.4472135955
663	248	0.4472135955
663	221	0.4472135955
663	208	0.4472135955
663	192	0.4472135955
663	172	0.4472135955
663	159	0.4472135955
663	158	0.4472135955
663	96	0.316227766017
663	447	0.141421356237
663	157	0.288675134595
663	281	0.136082763488
663	627	0.123091490979
663	459	0.288675134595
663	112	0.288675134595
663	130	0.288675134595
663	386	0.235702260396
663	291	0.235702260396
663	240	0.235702260396
663	600	0.235702260396
663	549	0.204124145232
663	468	0.204124145232
663	327	0.204124145232
663	599	0.333333333333
663	617	0.288675134595
663	279	0.235702260396
663	57	0.235702260396
663	146	0.57735026919
663	249	0.5
663	400	0.474341649025
663	130	0.353553390593
663	71	0.353553390593
663	2	0.316227766017
663	457	0.288675134595
663	199	0.288675134595
663	195	0.288675134595
663	136	0.288675134595
663	96	0.4472135955
663	57	0.408248290464
663	240	0.408248290464
663	263	0.333333333333
663	80	0.329016053089
663	356	0.316227766017
663	264	0.298142397
663	635	0.267261241912
663	459	0.25
663	329	0.25
663	329	0.353553390593
663	130	0.353553390593
663	181	0.204124145232
663	607	0.235702260396
663	636	0.19245008973
663	54	0.19245008973
663	345	0.117851130198
663	131	1.02799924867
663	512	0.57735026919
663	501	0.57735026919
663	498	0.57735026919
663	497	0.57735026919
663	496	0.57735026919
663	494	0.57735026919
663	493	0.57735026919
663	492	0.57735026919
663	491	0.57735026919
663	96	0.316227766017
663	447	0.141421356237
663	188	0.316227766017
663	55	0.22360679775
663	231	0.210818510678
663	601	0.169030850946
663	602	0.1490711985
663	383	0.1490711985
663	98	0.129099444874
663	290	0.471404520791
663	263	0.333333333333
663	264	0.298142397
663	157	0.288675134595
663	367	0.235702260396
663	359	0.235702260396
663	610	0.19245008973
663	182	0.19245008973
663	478	0.166666666667
663	145	0.166666666667
663	96	0.632455532034
663	447	0.282842712475
663	607	0.235702260396
663	636	0.19245008973
663	54	0.19245008973
663	345	0.117851130198
663	40	0.5
663	591	0.353553390593
663	281	0.136082763488
663	627	0.123091490979
663	459	0.353553390593
663	112	0.353553390593
663	386	0.288675134595
663	291	0.288675134595
663	240	0.288675134595
663	549	0.25
663	356	0.22360679775
663	279	0.204124145232
663	268	0.204124145232
663	201	0.204124145232
663	585	0.57735026919
663	409	0.57735026919
663	278	0.57735026919
663	83	0.57735026919
663	39	0.57735026919
663	652	0.480626753322
663	500	0.356364174684
663	487	0.356364174684
663	638	0.339854436494
663	344	0.339854436494
663	406	1.90824829046
663	374	1.90824829046
663	394	1.06066017178
663	284	0.707106781187
663	176	0.707106781187
663	154	0.707106781187
663	143	0.707106781187
663	119	0.707106781187
663	102	0.707106781187
663	101	0.707106781187
663	574	0.333333333333
663	632	0.235702260396
663	325	0.707106781187
663	295	0.707106781187
663	248	0.707106781187
663	221	0.707106781187
663	208	0.707106781187
663	192	0.707106781187
663	172	0.707106781187
663	159	0.707106781187
663	158	0.707106781187
663	149	0.707106781187
663	652	0.288675134595
663	638	0.204124145232
663	344	0.204124145232
663	69	0.182574185835
663	663	0.166666666667
663	513	0.166666666667
663	136	0.166666666667
663	132	0.166666666667
663	549	0.144337567297
663	500	0.129099444874
663	340	0.4472135955
663	325	0.4472135955
663	295	0.4472135955
663	248	0.4472135955
663	221	0.4472135955
663	208	0.4472135955
663	192	0.4472135955
663	172	0.4472135955
663	161	0.4472135955
663	159	0.4472135955
663	585	0.4472135955
663	409	0.4472135955
663	278	0.4472135955
663	83	0.4472135955
663	39	0.4472135955
663	357	0.333333333333
663	261	0.316227766017
663	600	0.258198889747
663	341	0.258198889747
663	591	0.22360679775
663	533	0.377964473009
663	394	0.188982236505
663	635	0.142857142857
663	2	0.119522860933
663	69	0.207950097964
663	652	0.164398987305
663	638	0.116247638744
663	344	0.116247638744
663	112	0.116247638744
663	110	0.116247638744
663	663	0.0949157995752
663	603	0.0949157995752
663	600	0.0949157995752
663	132	0.0949157995752
663	107	0.288675134595
663	2	0.182574185835
663	600	0.258198889747
663	297	0.258198889747
663	134	0.258198889747
663	181	0.182574185835
663	69	0.141421356237
663	14	0.0735214622094
663	209	0.474341649025
663	130	0.4472135955
663	503	0.424264068712
663	457	0.36514837167
663	199	0.36514837167
663	146	0.36514837167
663	233	0.282842712475
663	513	0.273861278753
663	345	0.22360679775
663	2	0.2
663	402	0.333333333333
663	401	0.333333333333
663	399	0.333333333333
663	398	0.333333333333
663	396	0.333333333333
663	395	0.333333333333
663	392	0.333333333333
663	390	0.333333333333
663	385	0.333333333333
663	380	0.333333333333
663	512	0.5
663	501	0.5
663	498	0.5
663	497	0.5
663	496	0.5
663	494	0.5
663	493	0.5
663	492	0.5
663	491	0.5
663	490	0.5
663	240	0.36514837167
663	231	0.298142397
663	356	0.282842712475
663	635	0.239045721867
663	459	0.22360679775
663	359	0.22360679775
663	329	0.22360679775
663	261	0.22360679775
663	188	0.22360679775
663	112	0.22360679775
663	297	0.333333333333
663	480	0.258198889747
663	585	0.4472135955
663	409	0.4472135955
663	278	0.4472135955
663	83	0.4472135955
663	39	0.4472135955
663	261	0.316227766017
663	600	0.258198889747
663	341	0.258198889747
663	152	0.258198889747
663	591	0.22360679775
663	232	0.707106781187
663	289	0.5
663	259	0.5
663	69	0.207950097964
663	652	0.164398987305
663	638	0.116247638744
663	344	0.116247638744
663	112	0.116247638744
663	663	0.0949157995752
663	603	0.0949157995752
663	442	0.57735026919
663	441	0.57735026919
663	440	0.57735026919
663	439	0.57735026919
663	437	0.57735026919
663	436	0.57735026919
663	429	0.57735026919
663	428	0.57735026919
663	427	0.57735026919
663	425	0.57735026919
663	459	0.5
663	635	0.41011838477
663	678	0.408248290464
663	676	0.408248290464
663	673	0.408248290464
663	672	0.408248290464
663	671	0.408248290464
663	668	0.408248290464
663	666	0.408248290464
663	664	0.408248290464
663	678	0.408248290464
663	676	0.408248290464
663	673	0.408248290464
663	672	0.408248290464
663	671	0.408248290464
663	668	0.408248290464
663	666	0.408248290464
663	664	0.408248290464
663	662	0.408248290464
663	659	0.408248290464
663	146	0.36514837167
663	533	0.316227766017
663	249	0.316227766017
663	209	0.316227766017
663	121	0.316227766017
663	77	0.244948974278
663	345	0.22360679775
663	343	0.22360679775
663	130	0.22360679775
663	71	0.22360679775
663	240	0.516397779494
663	635	0.338061701891
663	459	0.316227766017
663	359	0.316227766017
663	329	0.316227766017
663	112	0.316227766017
663	271	0.282842712475
663	80	0.282842712475
663	627	0.269679944985
663	386	0.258198889747
663	607	0.5
663	121	0.353553390593
663	343	0.25
663	130	0.25
663	400	0.22360679775
663	2	0.22360679775
663	457	0.204124145232
663	199	0.204124145232
663	146	0.204124145232
663	54	0.204124145232
663	130	0.288675134595
663	600	0.235702260396
663	327	0.204124145232
663	480	0.182574185835
663	201	0.166666666667
663	69	0.129099444874
663	14	0.0671156055214
663	459	0.353553390593
663	112	0.353553390593
663	386	0.288675134595
663	291	0.288675134595
663	240	0.288675134595
663	549	0.25
663	356	0.22360679775
663	279	0.204124145232
663	268	0.204124145232
663	201	0.204124145232
663	188	0.471404520791
663	631	0.333333333333
663	630	0.333333333333
663	629	0.333333333333
663	626	0.333333333333
663	624	0.333333333333
663	622	0.333333333333
663	619	0.333333333333
663	618	0.333333333333
663	614	0.333333333333
663	19	0.19245008973
663	58	0.38490017946
663	512	0.288675134595
663	501	0.288675134595
663	498	0.288675134595
663	497	0.288675134595
663	496	0.288675134595
663	494	0.288675134595
663	493	0.288675134595
663	492	0.288675134595
663	491	0.288675134595
663	290	0.471404520791
663	263	0.333333333333
663	264	0.298142397
663	367	0.235702260396
663	359	0.235702260396
663	610	0.19245008973
663	182	0.19245008973
663	478	0.166666666667
663	145	0.166666666667
663	447	0.1490711985
663	240	0.36514837167
663	231	0.298142397
663	356	0.282842712475
663	635	0.239045721867
663	459	0.22360679775
663	359	0.22360679775
663	329	0.22360679775
663	261	0.22360679775
663	188	0.22360679775
663	112	0.22360679775
663	240	0.436435780472
663	533	0.377964473009
663	356	0.338061701891
663	473	0.267261241912
663	459	0.267261241912
663	359	0.267261241912
663	329	0.267261241912
663	112	0.267261241912
663	271	0.239045721867
663	80	0.239045721867
663	50	0.377964473009
663	635	0.188982236505
663	271	0.158113883008
663	473	0.117851130198
663	242	0.316227766017
663	569	0.2
663	442	0.408248290464
663	441	0.408248290464
663	440	0.408248290464
663	439	0.408248290464
663	437	0.408248290464
663	436	0.408248290464
663	429	0.408248290464
663	428	0.408248290464
663	427	0.408248290464
663	425	0.408248290464
663	329	1.90215161025
663	351	1.55310028617
663	231	1.25050560533
663	438	0.670467382083
663	660	0.609645151224
663	318	0.57735026919
663	290	0.5
663	341	0.471404520791
663	585	0.408248290464
663	409	0.408248290464
663	146	0.546874024342
663	249	0.5
663	209	0.47360679775
663	71	0.353553390593
663	130	0.316227766017
663	2	0.299535239246
663	195	0.288675134595
663	400	0.282842712475
663	513	0.273437012171
663	457	0.258198889747
663	479	0.144337567297
663	631	2.52956863402
663	630	2.52956863402
663	629	2.52956863402
663	626	2.52956863402
663	624	2.52956863402
663	622	2.52956863402
663	619	2.52956863402
663	618	2.52956863402
663	614	2.12132034356
663	613	2.12132034356
663	367	0.353553390593
663	290	0.353553390593
663	182	0.288675134595
663	116	0.235702260396
663	447	0.22360679775
663	617	0.204124145232
663	359	0.176776695297
663	279	0.166666666667
663	281	0.166666666667
663	652	0.288675134595
663	638	0.204124145232
663	344	0.204124145232
663	69	0.182574185835
663	663	0.166666666667
663	513	0.166666666667
663	136	0.166666666667
663	132	0.166666666667
663	549	0.144337567297
663	500	0.129099444874
663	652	0.4472135955
663	369	0.4472135955
663	487	0.4
663	344	0.316227766017
663	197	0.316227766017
663	69	0.282842712475
663	663	0.258198889747
663	357	0.258198889747
663	132	0.258198889747
663	549	0.22360679775
663	240	0.57251854396
663	217	0.471404520791
663	356	0.44347095723
663	329	0.433927908579
663	351	0.354300653724
663	359	0.350594575246
663	271	0.313581321117
663	80	0.313581321117
663	592	0.306833366702
663	627	0.298988058371
663	77	0.258198889747
663	503	0.22360679775
663	400	0.158113883008
663	607	0.5
663	121	0.353553390593
663	343	0.25
663	130	0.25
663	400	0.22360679775
663	2	0.22360679775
663	457	0.204124145232
663	199	0.204124145232
663	146	0.204124145232
663	54	0.204124145232
663	678	0.408248290464
663	676	0.408248290464
663	673	0.408248290464
663	672	0.408248290464
663	671	0.408248290464
663	668	0.408248290464
663	666	0.408248290464
663	664	0.408248290464
663	662	0.408248290464
663	659	0.408248290464
663	240	0.522232967867
663	291	0.348155311911
663	157	0.288675134595
663	356	0.269679944985
663	635	0.227921152919
663	459	0.213200716356
663	359	0.213200716356
663	329	0.213200716356
663	112	0.213200716356
663	271	0.190692517849
663	305	2.69867061275
663	151	2.69867061275
663	49	2.69867061275
663	31	2.69867061275
663	430	1.91421356237
663	403	1.91421356237
663	320	1.91421356237
663	299	1.91421356237
663	280	1.91421356237
663	254	1.91421356237
663	240	0.522232967867
663	291	0.348155311911
663	356	0.269679944985
663	635	0.227921152919
663	459	0.213200716356
663	359	0.213200716356
663	329	0.213200716356
663	112	0.213200716356
663	271	0.190692517849
663	80	0.190692517849
663	683	0.707106781187
663	658	0.707106781187
663	656	0.707106781187
663	648	0.707106781187
663	644	0.707106781187
663	623	0.707106781187
663	621	0.707106781187
663	620	0.707106781187
663	616	0.707106781187
663	608	0.707106781187
663	683	0.707106781187
663	658	0.707106781187
663	656	0.707106781187
663	648	0.707106781187
663	644	0.707106781187
663	293	0.816496580928
663	175	0.816496580928
663	85	0.816496580928
663	305	0.57735026919
663	151	0.57735026919
663	49	0.57735026919
663	31	0.57735026919
663	449	0.4472135955
663	340	0.4472135955
663	325	0.4472135955
663	240	0.522232967867
663	291	0.348155311911
663	356	0.269679944985
663	635	0.227921152919
663	459	0.213200716356
663	359	0.213200716356
663	329	0.213200716356
663	112	0.213200716356
663	271	0.190692517849
663	80	0.190692517849
663	125	0.516397779494
663	5	0.298142397
663	509	0.258198889747
663	249	0.258198889747
663	121	0.258198889747
663	2	0.244948974278
663	503	0.230940107676
663	98	0.22360679775
663	414	0.182574185835
663	343	0.182574185835
663	240	0.36514837167
663	485	0.316227766017
663	356	0.282842712475
663	635	0.239045721867
663	459	0.22360679775
663	359	0.22360679775
663	329	0.22360679775
663	112	0.22360679775
663	80	0.2
663	627	0.190692517849
663	585	0.57735026919
663	409	0.57735026919
663	278	0.57735026919
663	83	0.57735026919
663	39	0.57735026919
663	303	0.57735026919
663	288	0.57735026919
663	198	0.57735026919
663	142	0.57735026919
663	287	0.408248290464
663	430	0.57735026919
663	403	0.57735026919
663	320	0.57735026919
663	299	0.57735026919
663	280	0.57735026919
663	254	0.57735026919
663	245	0.57735026919
663	454	0.408248290464
663	453	0.408248290464
663	432	0.408248290464
663	257	1.41421356237
663	196	1.41421356237
663	163	1.41421356237
663	47	1.0
663	14	0.116247638744
663	240	0.637313898646
663	359	0.625975724812
663	329	0.556940131083
663	188	0.556940131083
663	356	0.493661223153
663	290	0.471404520791
663	548	0.469416096821
663	351	0.454739712811
663	325	0.4472135955
663	295	0.4472135955
663	240	0.36514837167
663	485	0.316227766017
663	356	0.282842712475
663	635	0.239045721867
663	459	0.22360679775
663	359	0.22360679775
663	329	0.22360679775
663	112	0.22360679775
663	80	0.2
663	627	0.190692517849
663	116	0.333333333333
663	652	0.57735026919
663	344	0.408248290464
663	132	0.333333333333
663	500	0.258198889747
663	487	0.258198889747
663	69	0.182574185835
663	603	0.166666666667
663	513	0.166666666667
663	467	0.102062072616
663	14	0.0949157995752
663	652	0.707106781187
663	663	0.408248290464
663	132	0.408248290464
663	500	0.316227766017
663	487	0.316227766017
663	69	0.22360679775
663	603	0.204124145232
663	513	0.204124145232
663	14	0.116247638744
663	290	0.471404520791
663	264	0.298142397
663	367	0.235702260396
663	359	0.235702260396
663	610	0.19245008973
663	182	0.19245008973
663	478	0.166666666667
663	145	0.166666666667
663	447	0.1490711985
663	128	0.136082763488
663	631	0.5
663	630	0.5
663	629	0.5
663	626	0.5
663	624	0.5
663	622	0.5
663	619	0.5
663	618	0.5
663	614	0.5
663	613	0.5
663	145	0.408248290464
663	116	0.235702260396
663	617	0.204124145232
663	279	0.166666666667
663	607	0.235702260396
663	636	0.19245008973
663	54	0.19245008973
663	345	0.117851130198
663	459	0.408248290464
663	112	0.408248290464
663	291	0.333333333333
663	240	0.333333333333
663	549	0.288675134595
663	468	0.288675134595
663	356	0.258198889747
663	279	0.235702260396
663	268	0.235702260396
663	201	0.235702260396
663	290	0.5
663	240	0.408248290464
663	356	0.316227766017
663	635	0.267261241912
663	459	0.25
663	367	0.25
663	329	0.25
663	112	0.25
663	281	0.235702260396
663	271	0.22360679775
663	69	0.207950097964
663	652	0.164398987305
663	638	0.116247638744
663	344	0.116247638744
663	112	0.116247638744
663	110	0.116247638744
663	663	0.0949157995752
663	603	0.0949157995752
663	600	0.0949157995752
663	132	0.0949157995752
663	146	0.94249864086
663	130	0.800766986093
663	457	0.653823506265
663	199	0.653823506265
663	503	0.647870866462
663	2	0.516227766017
663	233	0.506449510225
663	249	0.5
663	513	0.41819884605
663	345	0.400383493047
663	459	0.288675134595
663	112	0.288675134595
663	386	0.235702260396
663	291	0.235702260396
663	240	0.235702260396
663	116	0.235702260396
663	617	0.204124145232
663	549	0.204124145232
663	468	0.204124145232
663	356	0.182574185835
663	329	0.666666666667
663	188	0.666666666667
663	80	0.596284794
663	610	0.544331053952
663	351	0.544331053952
663	240	0.544331053952
663	601	0.534522483825
663	55	0.471404520791
663	356	0.421637021356
663	330	0.421637021356
663	112	0.5
663	386	0.408248290464
663	291	0.408248290464
663	240	0.408248290464
663	549	0.353553390593
663	468	0.353553390593
663	356	0.316227766017
663	279	0.288675134595
663	268	0.288675134595
663	201	0.288675134595
663	188	0.439826405627
663	402	0.333333333333
663	401	0.333333333333
663	399	0.333333333333
663	398	0.333333333333
663	396	0.333333333333
663	395	0.333333333333
663	392	0.333333333333
663	390	0.333333333333
663	385	0.333333333333
663	188	0.471404520791
663	631	0.333333333333
663	630	0.333333333333
663	629	0.333333333333
663	626	0.333333333333
663	624	0.333333333333
663	622	0.333333333333
663	619	0.333333333333
663	618	0.333333333333
663	614	0.333333333333
663	16	0.854483683747
663	479	0.76980035892
663	97	0.57735026919
663	42	0.57735026919
663	136	0.38490017946
663	457	0.333333333333
663	199	0.333333333333
663	146	0.333333333333
663	209	0.333333333333
663	55	0.288675134595
663	442	0.57735026919
663	441	0.57735026919
663	440	0.57735026919
663	439	0.57735026919
663	437	0.57735026919
663	436	0.57735026919
663	429	0.57735026919
663	428	0.57735026919
663	427	0.57735026919
663	425	0.57735026919
663	607	0.5
663	121	0.353553390593
663	343	0.25
663	130	0.25
663	400	0.22360679775
663	2	0.22360679775
663	457	0.204124145232
663	199	0.204124145232
663	146	0.204124145232
663	54	0.204124145232
663	635	0.534522483825
663	329	0.333333333333
663	351	0.272165526976
663	240	0.272165526976
663	592	0.235702260396
663	231	0.222222222222
663	356	0.210818510678
663	438	0.19245008973
663	50	0.178174161275
663	359	0.166666666667
663	652	0.57735026919
663	300	0.53033008589
663	344	0.408248290464
663	132	0.333333333333
663	500	0.258198889747
663	487	0.258198889747
663	610	0.204124145232
663	548	0.204124145232
663	69	0.182574185835
663	603	0.166666666667
663	652	0.288675134595
663	638	0.204124145232
663	344	0.204124145232
663	69	0.182574185835
663	663	0.166666666667
663	513	0.166666666667
663	136	0.166666666667
663	132	0.166666666667
663	549	0.144337567297
663	500	0.129099444874
663	652	0.866025403784
663	344	0.408248290464
663	663	0.333333333333
663	527	0.288675134595
663	525	0.288675134595
663	522	0.288675134595
663	521	0.288675134595
663	519	0.288675134595
663	518	0.288675134595
663	516	0.288675134595
663	652	0.288675134595
663	638	0.204124145232
663	344	0.204124145232
663	69	0.182574185835
663	663	0.166666666667
663	513	0.166666666667
663	136	0.166666666667
663	132	0.166666666667
663	549	0.144337567297
663	500	0.129099444874
663	597	0.4472135955
663	596	0.4472135955
663	594	0.4472135955
663	593	0.4472135955
663	590	0.4472135955
663	588	0.4472135955
663	587	0.4472135955
663	583	0.4472135955
663	581	0.4472135955
663	580	0.4472135955
663	240	0.522232967867
663	291	0.348155311911
663	356	0.269679944985
663	635	0.227921152919
663	459	0.213200716356
663	359	0.213200716356
663	329	0.213200716356
663	112	0.213200716356
663	271	0.190692517849
663	80	0.190692517849
663	297	0.333333333333
663	480	0.258198889747
663	512	0.5
663	501	0.5
663	498	0.5
663	497	0.5
663	496	0.5
663	494	0.5
663	493	0.5
663	492	0.5
663	491	0.5
663	490	0.5
663	650	0.288675134595
663	2	0.158113883008
663	400	0.4472135955
663	457	0.408248290464
663	199	0.408248290464
663	146	0.408248290464
663	329	0.353553390593
663	209	0.353553390593
663	503	0.316227766017
663	233	0.316227766017
663	345	0.25
663	600	0.235702260396
663	325	0.707106781187
663	295	0.707106781187
663	248	0.707106781187
663	221	0.707106781187
663	208	0.707106781187
663	192	0.707106781187
663	172	0.707106781187
663	159	0.707106781187
663	158	0.707106781187
663	149	0.707106781187
663	607	0.235702260396
663	636	0.19245008973
663	54	0.19245008973
663	345	0.117851130198
663	607	0.235702260396
663	636	0.19245008973
663	54	0.19245008973
663	345	0.117851130198
663	634	0.57735026919
663	633	0.57735026919
663	615	0.57735026919
663	606	0.57735026919
663	683	0.408248290464
663	658	0.408248290464
663	656	0.408248290464
663	648	0.408248290464
663	644	0.408248290464
663	631	0.408248290464
663	125	1.03279555899
663	130	0.763441361517
663	209	0.732540538772
663	2	0.689897948557
663	146	0.66329076867
663	5	0.596284794
663	513	0.5320601685
663	249	0.516397779494
663	121	0.516397779494
663	98	0.4472135955
663	400	1.20278933688
663	130	0.985408478807
663	233	0.929019282997
663	503	0.85416715141
663	457	0.804582653763
663	199	0.804582653763
663	345	0.695794731196
663	325	0.57735026919
663	295	0.57735026919
663	248	0.57735026919
663	652	0.4472135955
663	369	0.4472135955
663	487	0.4
663	344	0.316227766017
663	197	0.316227766017
663	69	0.282842712475
663	663	0.258198889747
663	357	0.258198889747
663	132	0.258198889747
663	549	0.22360679775
663	652	0.288675134595
663	638	0.204124145232
663	344	0.204124145232
663	69	0.182574185835
663	663	0.166666666667
663	513	0.166666666667
663	136	0.166666666667
663	132	0.166666666667
663	549	0.144337567297
663	500	0.129099444874
663	683	0.57735026919
663	658	0.57735026919
663	656	0.57735026919
663	648	0.57735026919
663	644	0.57735026919
663	623	0.57735026919
663	527	0.57735026919
663	525	0.57735026919
663	522	0.57735026919
663	521	0.57735026919
663	61	0.408248290464
663	121	0.353553390593
663	343	0.25
663	130	0.25
663	400	0.22360679775
663	2	0.22360679775
663	457	0.204124145232
663	199	0.204124145232
663	146	0.204124145232
663	636	0.19245008973
663	145	0.408248290464
663	116	0.235702260396
663	617	0.204124145232
663	279	0.166666666667
663	526	0.408248290464
663	480	0.258198889747
663	367	0.316227766017
663	290	0.316227766017
663	182	0.258198889747
663	381	0.22360679775
663	145	0.22360679775
663	359	0.158113883008
663	281	0.1490711985
663	157	0.288675134595
663	281	0.136082763488
663	627	0.123091490979
663	512	0.788675134595
663	501	0.788675134595
663	498	0.788675134595
663	497	0.788675134595
663	496	0.788675134595
663	494	0.788675134595
663	493	0.788675134595
663	492	0.788675134595
663	491	0.788675134595
663	490	0.788675134595
663	125	0.57735026919
663	97	0.57735026919
663	55	0.57735026919
663	42	0.57735026919
663	77	0.4472135955
663	414	0.408248290464
663	188	0.408248290464
663	383	0.38490017946
663	146	0.333333333333
663	131	0.333333333333
663	652	0.288675134595
663	638	0.204124145232
663	344	0.204124145232
663	69	0.182574185835
663	663	0.166666666667
663	513	0.166666666667
663	136	0.166666666667
663	132	0.166666666667
663	549	0.144337567297
663	500	0.129099444874
663	652	0.316227766017
663	75	0.316227766017
663	500	0.282842712475
663	487	0.282842712475
663	638	0.22360679775
663	344	0.22360679775
663	14	0.207950097964
663	663	0.182574185835
663	603	0.182574185835
663	600	0.182574185835
663	146	0.36514837167
663	533	0.316227766017
663	249	0.316227766017
663	209	0.316227766017
663	121	0.316227766017
663	77	0.244948974278
663	345	0.22360679775
663	343	0.22360679775
663	130	0.22360679775
663	71	0.22360679775
663	69	0.207950097964
663	652	0.164398987305
663	638	0.116247638744
663	344	0.116247638744
663	112	0.116247638744
663	110	0.116247638744
663	663	0.0949157995752
663	603	0.0949157995752
663	600	0.0949157995752
663	132	0.0949157995752
663	125	0.57735026919
663	77	0.298142397
663	98	0.166666666667
663	652	0.769301887917
663	344	0.543978581726
663	500	0.485463619558
663	487	0.485463619558
663	663	0.444156652077
663	132	0.444156652077
663	75	0.316227766017
663	513	0.305411659372
663	549	0.302451450306
663	600	0.27748998541
663	69	0.207950097964
663	652	0.164398987305
663	638	0.116247638744
663	344	0.116247638744
663	112	0.116247638744
663	110	0.116247638744
663	663	0.0949157995752
663	603	0.0949157995752
663	600	0.0949157995752
663	132	0.0949157995752
663	69	0.207950097964
663	652	0.164398987305
663	638	0.116247638744
663	344	0.116247638744
663	112	0.116247638744
663	110	0.116247638744
663	663	0.0949157995752
663	603	0.0949157995752
663	600	0.0949157995752
663	132	0.0949157995752
663	69	0.22360679775
663	603	0.204124145232
663	14	0.116247638744
663	652	0.316227766017
663	75	0.316227766017
663	500	0.282842712475
663	487	0.282842712475
663	638	0.22360679775
663	344	0.22360679775
663	14	0.207950097964
663	663	0.182574185835
663	603	0.182574185835
663	600	0.182574185835
663	69	0.207950097964
663	652	0.164398987305
663	638	0.116247638744
663	344	0.116247638744
663	112	0.116247638744
663	110	0.116247638744
663	663	0.0949157995752
663	603	0.0949157995752
663	600	0.0949157995752
663	132	0.0949157995752
663	459	0.288675134595
663	112	0.288675134595
663	386	0.235702260396
663	291	0.235702260396
663	240	0.235702260396
663	549	0.204124145232
663	468	0.204124145232
663	356	0.182574185835
663	660	0.166666666667
663	279	0.166666666667
663	402	0.333333333333
663	401	0.333333333333
663	399	0.333333333333
663	398	0.333333333333
663	396	0.333333333333
663	395	0.333333333333
663	392	0.333333333333
663	390	0.333333333333
663	385	0.333333333333
663	380	0.333333333333
663	50	0.377964473009
663	635	0.188982236505
663	271	0.158113883008
663	473	0.117851130198
663	526	0.316227766017
663	600	0.258198889747
663	484	0.258198889747
663	181	0.182574185835
663	69	0.141421356237
663	14	0.0735214622094
663	585	0.4472135955
663	409	0.4472135955
663	278	0.4472135955
663	83	0.4472135955
663	39	0.4472135955
663	343	0.353553390593
663	261	0.316227766017
663	346	0.288675134595
663	600	0.258198889747
663	341	0.258198889747
663	343	0.353553390593
663	450	0.25
663	250	0.22360679775
663	345	0.176776695297
663	240	0.36514837167
663	485	0.316227766017
663	356	0.282842712475
663	635	0.239045721867
663	459	0.22360679775
663	359	0.22360679775
663	329	0.22360679775
663	112	0.22360679775
663	80	0.2
663	627	0.190692517849
663	97	0.4472135955
663	42	0.4472135955
663	58	0.298142397
663	479	0.258198889747
663	146	0.258198889747
663	131	0.258198889747
663	55	0.22360679775
663	98	0.129099444874
663	240	0.522232967867
663	291	0.348155311911
663	356	0.269679944985
663	635	0.227921152919
663	459	0.213200716356
663	359	0.213200716356
663	329	0.213200716356
663	112	0.213200716356
663	271	0.190692517849
663	80	0.190692517849
663	19	0.19245008973
663	66	0.5
663	450	0.353553390593
663	449	0.4472135955
663	325	0.4472135955
663	295	0.4472135955
663	248	0.4472135955
663	221	0.4472135955
663	208	0.4472135955
663	192	0.4472135955
663	172	0.4472135955
663	161	0.4472135955
663	159	0.4472135955
663	652	0.288675134595
663	638	0.204124145232
663	344	0.204124145232
663	69	0.182574185835
663	663	0.166666666667
663	513	0.166666666667
663	136	0.166666666667
663	132	0.166666666667
663	549	0.144337567297
663	500	0.129099444874
663	678	0.707106781187
663	676	0.707106781187
663	673	0.707106781187
663	672	0.707106781187
663	671	0.707106781187
663	668	0.707106781187
663	666	0.707106781187
663	664	0.707106781187
663	662	0.707106781187
663	659	0.707106781187
663	526	0.316227766017
663	600	0.258198889747
663	484	0.258198889747
663	297	0.258198889747
663	134	0.258198889747
663	181	0.182574185835
663	69	0.141421356237
663	14	0.0735214622094
663	325	0.707106781187
663	295	0.707106781187
663	248	0.707106781187
663	221	0.707106781187
663	208	0.707106781187
663	192	0.707106781187
663	172	0.707106781187
663	285	0.5
663	188	0.235702260396
663	291	0.19245008973
663	430	1.41421356237
663	403	1.41421356237
663	683	0.707106781187
663	658	0.707106781187
663	656	0.707106781187
663	648	0.707106781187
663	644	0.707106781187
663	623	0.707106781187
663	652	0.4472135955
663	500	0.4
663	58	0.38490017946
663	344	0.316227766017
663	0	0.707106781187
663	400	0.698125347465
663	683	0.57735026919
663	658	0.57735026919
663	656	0.57735026919
663	648	0.57735026919
663	644	0.57735026919
663	623	0.57735026919
663	132	0.333333333333
663	130	0.316227766017
663	683	0.707106781187
663	654	1.41421356237
663	584	1.41421356237
663	582	1.41421356237
663	569	0.2
663	271	0.141421356237
663	300	0.53033008589
663	610	0.204124145232
663	548	0.204124145232
663	479	0.153093108924
663	602	0.117851130198
663	663	0.102062072616
663	231	0.0833333333333
663	54	0.408248290464
663	607	0.408248290464
663	61	0.408248290464
663	345	0.204124145232
663	19	0.19245008973
663	249	1.39357803521
663	95	1.1440026131
663	71	0.985408478807
663	195	0.804582653763
663	77	0.791934144441
663	527	0.735888730095
663	525	0.735888730095
663	522	0.735888730095
663	521	0.735888730095
663	519	0.735888730095
663	313	0.333333333333
663	632	0.235702260396
663	58	0.38490017946
663	512	0.288675134595
663	501	0.288675134595
663	498	0.288675134595
663	497	0.288675134595
663	496	0.288675134595
663	494	0.288675134595
663	493	0.288675134595
663	492	0.288675134595
663	491	0.288675134595
663	96	0.316227766017
663	447	0.141421356237
663	54	0.612372435696
663	121	0.353553390593
663	19	0.353553390593
663	343	0.25
663	130	0.25
663	400	0.22360679775
663	2	0.22360679775
663	457	0.204124145232
663	199	0.204124145232
663	146	0.204124145232
663	592	0.377964473009
663	635	0.142857142857
663	271	0.119522860933
663	473	0.0890870806375
663	512	0.735888730095
663	501	0.735888730095
663	498	0.735888730095
663	497	0.735888730095
663	496	0.735888730095
663	494	0.735888730095
663	493	0.735888730095
663	492	0.735888730095
663	491	0.735888730095
663	490	0.735888730095
663	249	0.574426655764
663	121	0.574426655764
663	345	0.564893890668
663	125	0.516397779494
663	146	0.51421957017
663	209	0.44532721089
663	71	0.406180983585
663	503	0.372361463913
663	400	0.363299316186
663	450	0.353553390593
663	343	0.353553390593
663	346	0.288675134595
663	450	0.25
663	250	0.22360679775
663	345	0.176776695297
663	341	0.471404520791
663	576	0.4472135955
663	573	0.4472135955
663	572	0.4472135955
663	571	0.4472135955
663	570	0.4472135955
663	568	0.4472135955
663	567	0.4472135955
663	566	0.4472135955
663	564	0.4472135955
663	652	0.316227766017
663	500	0.282842712475
663	487	0.282842712475
663	638	0.22360679775
663	344	0.22360679775
663	14	0.207950097964
663	663	0.182574185835
663	603	0.182574185835
663	600	0.182574185835
663	357	0.182574185835
663	617	0.288675134595
663	279	0.235702260396
663	57	0.235702260396
663	55	0.613666733405
663	188	0.600594575246
663	330	0.379849361624
663	329	0.333333333333
663	635	0.321031304132
663	660	0.308606699924
663	80	0.298142397
663	602	0.283122997933
663	383	0.283122997933
663	610	0.272165526976
663	459	0.408248290464
663	112	0.408248290464
663	291	0.333333333333
663	240	0.333333333333
663	549	0.288675134595
663	468	0.288675134595
663	356	0.258198889747
663	279	0.235702260396
663	268	0.235702260396
663	201	0.235702260396
663	442	0.408248290464
663	441	0.408248290464
663	440	0.408248290464
663	439	0.408248290464
663	437	0.408248290464
663	436	0.408248290464
663	429	0.408248290464
663	428	0.408248290464
663	427	0.408248290464
663	425	0.408248290464
663	607	0.235702260396
663	636	0.19245008973
663	54	0.19245008973
663	345	0.117851130198
663	351	0.408248290464
663	240	0.408248290464
663	130	0.353553390593
663	231	0.333333333333
663	356	0.316227766017
663	438	0.288675134595
663	635	0.267261241912
663	359	0.25
663	271	0.22360679775
663	80	0.22360679775
663	69	0.207950097964
663	652	0.164398987305
663	638	0.116247638744
663	344	0.116247638744
663	112	0.116247638744
663	110	0.116247638744
663	663	0.0949157995752
663	603	0.0949157995752
663	600	0.0949157995752
663	132	0.0949157995752
663	442	0.408248290464
663	441	0.408248290464
663	440	0.408248290464
663	439	0.408248290464
663	437	0.408248290464
663	436	0.408248290464
663	429	0.408248290464
663	428	0.408248290464
663	427	0.408248290464
663	425	0.408248290464
